sAP=0.8124123303534353
tp=[0.01075269 0.02150538 0.03225806 0.04301075 0.05376344 0.06451613
 0.07526882 0.08602151 0.09677419 0.10752688 0.11827957 0.12903226
 0.13978495 0.15053763 0.16129032 0.17204301 0.1827957  0.19354839
 0.20430108 0.21505376 0.22580645 0.22580645 0.23655914 0.24731183
 0.25806452 0.25806452 0.2688172  0.27956989 0.29032258 0.29032258
 0.30107527 0.31182796 0.32258065 0.33333333 0.34408602 0.35483871
 0.3655914  0.37634409 0.37634409 0.38709677 0.38709677 0.39784946
 0.40860215 0.41935484 0.43010753 0.44086022 0.4516129  0.46236559
 0.47311828 0.47311828 0.48387097 0.49462366 0.50537634 0.51612903
 0.52688172 0.53763441 0.5483871  0.55913978 0.56989247 0.56989247
 0.58064516 0.59139785 0.60215054 0.61290323 0.61290323 0.62365591
 0.6344086  0.6344086  0.64516129 0.65591398 0.65591398 0.66666667
 0.67741935 0.68817204 0.69892473 0.70967742 0.70967742 0.72043011
 0.7311828  0.74193548 0.75268817 0.76344086 0.76344086 0.76344086
 0.77419355 0.78494624 0.79569892 0.79569892 0.80645161 0.80645161
 0.8172043  0.8172043  0.82795699 0.82795699 0.82795699 0.82795699
 0.83870968 0.83870968 0.83870968 0.83870968 0.83870968 0.83870968
 0.84946237 0.84946237 0.86021505 0.86021505 0.87096774 0.87096774
 0.87096774 0.87096774 0.87096774 0.87096774 0.88172043 0.89247312
 0.89247312 0.89247312 0.89247312 0.89247312 0.89247312 0.89247312
 0.89247312 0.89247312 0.89247312 0.89247312 0.89247312 0.89247312
 0.89247312 0.89247312 0.89247312 0.89247312 0.89247312]
fp=[0.         0.         0.         0.         0.         0.
 0.         0.         0.         0.         0.         0.
 0.         0.         0.         0.         0.         0.
 0.         0.         0.         0.01075269 0.01075269 0.01075269
 0.01075269 0.02150538 0.02150538 0.02150538 0.02150538 0.03225806
 0.03225806 0.03225806 0.03225806 0.03225806 0.03225806 0.03225806
 0.03225806 0.03225806 0.04301075 0.04301075 0.05376344 0.05376344
 0.05376344 0.05376344 0.05376344 0.05376344 0.05376344 0.05376344
 0.05376344 0.06451613 0.06451613 0.06451613 0.06451613 0.06451613
 0.06451613 0.06451613 0.06451613 0.06451613 0.06451613 0.07526882
 0.07526882 0.07526882 0.07526882 0.07526882 0.08602151 0.08602151
 0.08602151 0.09677419 0.09677419 0.09677419 0.10752688 0.10752688
 0.10752688 0.10752688 0.10752688 0.10752688 0.11827957 0.11827957
 0.11827957 0.11827957 0.11827957 0.11827957 0.12903226 0.13978495
 0.13978495 0.13978495 0.13978495 0.15053763 0.15053763 0.16129032
 0.16129032 0.17204301 0.17204301 0.1827957  0.19354839 0.20430108
 0.20430108 0.21505376 0.22580645 0.23655914 0.24731183 0.25806452
 0.25806452 0.2688172  0.2688172  0.27956989 0.27956989 0.29032258
 0.30107527 0.31182796 0.32258065 0.33333333 0.33333333 0.33333333
 0.34408602 0.35483871 0.3655914  0.37634409 0.38709677 0.39784946
 0.40860215 0.41935484 0.43010753 0.44086022 0.4516129  0.46236559
 0.47311828 0.48387097 0.49462366 0.50537634 0.51612903]
